===============================================
    neon - a non-linear finite element code
===============================================

  Preprocessing mesh and simulation data
    Inserted cube into the mesh store
  Preprocessing complete in 0.00024752s

  Simulating case "Uniaxial"

    Module "SolidMechanics"
    Solution "Equilibrium"
Constructed finite strain J2 plasticity model

    Writing solution to file for step 0
    Non-linear equation system has 24 degrees of freedom

    Performing equilibrium iterations for time 0.1
Elastic left Cauchy-Green
1 0 0
0 1 0
0 0 1
Logarithmic trial strain
          0           0           0
          0           0 7.70372e-34
          0           0       1e-06
Trial stress
     121154           0           0
          0      121154 1.24445e-22
          0           0      282692
Von Mises = 0.161538
      Internal variable update took 0.000138117s
    Newton-Raphson iteration 0
      External forces assembly took 8.9e-08s
      Tangent stiffness assembly took 0.00171784s
      PaStiX LLT direct solver took 0.00205236s
Elastic left Cauchy-Green
          1           0           0
          0           1 1.54075e-33
          0           0           1
Logarithmic trial strain
      -3e-07 -9.49257e-17  2.55368e-17
           0       -3e-07 -4.04645e-17
           0 -4.04645e-17        2e-06
Trial stress
      121154 -1.53342e-05  4.12517e-06
           0       121154 -6.53657e-06
           0 -6.53657e-06       492692
Von Mises = 0.371538
      Internal variable update took 0.00207372s
      Incremental displacement norm 8.48527e-07
      Residual force norm 85668.7
      Equilibrium iteration required 0.00593349s
    Newton-Raphson iteration 1
      External forces assembly took 1.53e-07s
      Tangent stiffness assembly took 3.8775e-05s
      PaStiX LLT direct solver took 0.0039394s
Elastic left Cauchy-Green
    0.999999 -1.89851e-16  5.10736e-17
           0     0.999999 -8.09291e-17
           0 -8.09291e-17            1
Logarithmic trial strain
-8.99999e-07 -1.81896e-16  5.69958e-17
           0 -8.99999e-07 -1.49722e-16
           0 -1.21966e-16        3e-06
Trial stress
   0.0364614 -2.93832e-05  9.20702e-06
           0    0.0364973 -2.41858e-05
           0 -1.97022e-05       630000
Von Mises = 0.63
      Internal variable update took 0.00270948s
      Incremental displacement norm 8.48527e-07
      Residual force norm 85668.7
      Equilibrium iteration required 0.00722674s
    Newton-Raphson iteration 2
      External forces assembly took 1.6e-07s
      Tangent stiffness assembly took 4.3587e-05s
      PaStiX LLT direct solver took 0.0056299s
Elastic left Cauchy-Green
    0.999998 -3.63791e-16  1.13992e-16
           0     0.999998 -2.99444e-16
           0 -2.43933e-16      1.00001
Logarithmic trial strain
    -1.5e-06  -1.2373e-16   1.2373e-16
           0     -1.5e-06 -2.05989e-16
          -0 -9.49665e-17        4e-06
Trial stress
     -121154 -1.99872e-05  1.99872e-05
           0      -121154 -3.32751e-05
           0 -1.53407e-05       767307
Von Mises = 0.888461
      Internal variable update took 0.000159197s
      Incremental displacement norm 2.54495e-13
      Residual force norm 0.0256942
      Equilibrium iteration required 0.00589949s
    Newton-Raphson iteration 3
      External forces assembly took 1.09e-07s
      Tangent stiffness assembly took 4.1981e-05s
      PaStiX LLT direct solver took 0.002961s
Elastic left Cauchy-Green
    0.999997 -2.47459e-16  2.47461e-16
           0     0.999997 -4.11978e-16
           0 -1.89934e-16      1.00001
Logarithmic trial strain
    -1.8e-06  -6.3416e-17  1.60561e-16
           0     -1.8e-06 -2.33177e-16
           0  -1.4991e-16        5e-06
Trial stress
     -121154 -1.02441e-05  2.59368e-05
           0      -121154  -3.7667e-05
           0 -2.42163e-05       977307
Von Mises = 1.09846
      Internal variable update took 0.000614502s
      Incremental displacement norm 8.48527e-07
      Residual force norm 85668.7
      Equilibrium iteration required 0.00366806s
    Newton-Raphson iteration 4
      External forces assembly took 7.8e-08s
      Tangent stiffness assembly took 3.7718e-05s
      PaStiX LLT direct solver took 0.0025775s
Elastic left Cauchy-Green
    0.999996 -1.26831e-16  3.21123e-16
           0     0.999996 -4.66355e-16
           0 -2.99822e-16      1.00001
Logarithmic trial strain
    -1.8e-06 -3.17546e-16  1.76988e-16
-2.06523e-16     -1.8e-06  -2.0143e-16
 1.64267e-17 -1.32041e-16        6e-06
Trial stress
-4.89099e-05 -5.12958e-05  2.85903e-05
-3.33614e-05 -1.43282e-05 -3.25387e-05
 2.65354e-06 -2.13298e-05     1.26e+06
Von Mises = 1.26
      Internal variable update took 0.00116521s
      Incremental displacement norm 8.48528e-07
      Residual force norm 85668.7
      Equilibrium iteration required 0.00382922s
    Newton-Raphson iteration 5
      External forces assembly took 7.8e-08s
      Tangent stiffness assembly took 3.6685e-05s
      PaStiX LLT direct solver took 0.00251062s
Elastic left Cauchy-Green
    0.999996 -6.35089e-16  3.53977e-16
-4.13044e-16     0.999996 -4.02862e-16
 3.28534e-17 -2.64084e-16      1.00001
Logarithmic trial strain
    -1.8e-06 -5.64382e-16  1.45737e-16
-4.81115e-16     -1.8e-06 -1.72902e-16
-1.48246e-17 -1.00044e-16        7e-06
Trial stress
      121154 -9.11694e-05  2.35421e-05
-7.77185e-05       121154 -2.79303e-05
-2.39474e-06 -1.61609e-05  1.54269e+06
Von Mises = 1.42154
      Internal variable update took 0.00119314s
      Incremental displacement norm 7.71532e-16
      Residual force norm 4.17584e-05
      Equilibrium iteration required 0.00379719s
    Convergence detected - step time set to 0.2 for next attempt

    Writing solution to file for step 1

    Performing equilibrium iterations for time 0.2
Elastic left Cauchy-Green
    0.999996 -1.12876e-15  2.91475e-16
-9.62226e-16     0.999996 -3.45806e-16
-2.96493e-17 -2.00089e-16      1.00001
Logarithmic trial strain
    -1.8e-06 -5.50849e-16  1.45737e-16
-4.95338e-16     -1.8e-06 -1.67938e-16
-1.48246e-17 -9.50803e-17        8e-06
Trial stress
      242307 -8.89833e-05  2.35421e-05
-8.00161e-05       242307 -2.71285e-05
-2.39474e-06 -1.53591e-05  1.82538e+06
Von Mises = 1.58308
      Internal variable update took 0.000100794s
    Newton-Raphson iteration 0
      External forces assembly took 8.4e-08s
      Tangent stiffness assembly took 4.2907e-05s
      PaStiX LLT direct solver took 0.00269179s
Elastic left Cauchy-Green
    0.999996 -1.10169e-15  2.91475e-16
-9.90672e-16     0.999996 -3.35879e-16
-2.96494e-17 -1.90162e-16      1.00002
Logarithmic trial strain
    -2.4e-06 -2.72798e-16  1.74506e-16
-2.45042e-16     -2.4e-06 -4.00349e-17
 1.39447e-17   3.2823e-17  8.99999e-06
Trial stress
      121154 -4.40673e-05  2.81894e-05
-3.95837e-05       121154 -6.46718e-06
 2.25261e-06  5.30217e-06  1.96269e+06
Von Mises = 1.84154
      Internal variable update took 0.000954711s
      Incremental displacement norm 1.69705e-06
      Residual force norm 171338
      Equilibrium iteration required 0.00374015s
    Newton-Raphson iteration 1
      External forces assembly took 8.1e-08s
      Tangent stiffness assembly took 0.000824359s
      PaStiX LLT direct solver took 0.00157641s
Elastic left Cauchy-Green
    0.999995 -5.45592e-16  3.49014e-16
-4.90081e-16     0.999995 -8.00704e-17
 2.78896e-17  6.56464e-17      1.00002
Logarithmic trial strain
    -3.3e-06 -2.02178e-17  1.57848e-16
           0     -3.3e-06 -7.98318e-17
          -0  3.11898e-17  9.99999e-06
Trial stress
     -121154 -3.26596e-06  2.54986e-05
           0      -121154 -1.28959e-05
           0  5.03834e-06  2.02731e+06
Von Mises = 2.14846
      Internal variable update took 0.0016477s
      Incremental displacement norm 8.48527e-07
      Residual force norm 85668.7
      Equilibrium iteration required 0.00410344s
    Newton-Raphson iteration 2
      External forces assembly took 8.2e-08s
      Tangent stiffness assembly took 3.8551e-05s
      PaStiX LLT direct solver took 0.00262298s
Elastic left Cauchy-Green
    0.999993 -4.04354e-17  3.15699e-16
           0     0.999993 -1.59665e-16
           0  6.23799e-17      1.00002
Logarithmic trial strain
    -3.9e-06 -4.86528e-17  1.72406e-16
           0     -3.9e-06 -2.43614e-16
           0 -7.70818e-17      1.1e-05
Trial stress
     -242307 -7.85931e-06  2.78501e-05
           0      -242307  -3.9353e-05
           0 -1.24517e-05  2.16461e+06
Von Mises = 2.40692
      Internal variable update took 0.00142934s
      Incremental displacement norm 8.48527e-07
      Residual force norm 85668.7
      Equilibrium iteration required 0.00414451s
    Newton-Raphson iteration 3
      External forces assembly took 9.5e-08s
      Tangent stiffness assembly took 3.8651e-05s
      PaStiX LLT direct solver took 0.00303963s
Elastic left Cauchy-Green
    0.999992 -9.73049e-17  3.44813e-16
           0     0.999992 -4.87232e-16
           0 -1.54165e-16      1.00002
Logarithmic trial strain
    -3.9e-06 -4.22286e-16  1.59302e-16
-3.39019e-16     -3.9e-06 -5.19604e-16
-1.31033e-17 -3.49602e-16      1.2e-05
Trial stress
     -121154 -6.82155e-05  2.57334e-05
-5.47646e-05      -121154  -8.3936e-05
-2.11669e-06 -5.64742e-05  2.44731e+06
Von Mises = 2.56846
      Internal variable update took 0.000119076s
      Incremental displacement norm 1.69705e-06
      Residual force norm 171337
      Equilibrium iteration required 0.00325048s
    Newton-Raphson iteration 4
      External forces assembly took 8.3e-08s
      Tangent stiffness assembly took 3.7318e-05s
      PaStiX LLT direct solver took 0.00269828s
Elastic left Cauchy-Green
    0.999992 -8.44566e-16  3.18607e-16
-6.78033e-16     0.999992 -1.03922e-15
-2.62068e-17  -6.9921e-16      1.00002
Logarithmic trial strain
    -3.6e-06 -5.70613e-16  1.34446e-16
-4.87346e-16     -3.6e-06  -5.4709e-16
-3.79594e-17 -3.73619e-16      1.3e-05
Trial stress
      121154  -9.2176e-05  2.17182e-05
-7.87251e-05       121154  -8.8376e-05
 -6.1319e-06 -6.03538e-05  2.80269e+06
Von Mises = 2.68154
      Internal variable update took 0.00114882s
      Incremental displacement norm 8.48527e-07
      Residual force norm 85668.7
      Equilibrium iteration required 0.00393371s
    Newton-Raphson iteration 5
      External forces assembly took 8.3e-08s
      Tangent stiffness assembly took 3.6794e-05s
      PaStiX LLT direct solver took 0.00249207s
Elastic left Cauchy-Green
    0.999993 -1.14122e-15  2.68895e-16
-9.74685e-16     0.999993 -1.09419e-15
-7.59195e-17 -7.47245e-16      1.00003
Logarithmic trial strain
    -3.6e-06 -5.24444e-16  2.07672e-16
-4.96688e-16     -3.6e-06 -3.37098e-16
 3.52665e-17 -1.77505e-16      1.4e-05
Trial stress
      242307 -8.47179e-05   3.3547e-05
-8.02342e-05       242307 -5.44544e-05
  5.6969e-06  -2.8674e-05  3.08538e+06
Von Mises = 2.84307
      Internal variable update took 0.00141671s
      Incremental displacement norm 8.48528e-07
      Residual force norm 85668.9
      Equilibrium iteration required 0.00399516s
    Newton-Raphson iteration 6
      External forces assembly took 7e-08s
      Tangent stiffness assembly took 3.7708e-05s
      PaStiX LLT direct solver took 0.00239197s
Elastic left Cauchy-Green
    0.999993 -1.04888e-15  4.15348e-16
-9.93369e-16     0.999993 -6.74204e-16
 7.05338e-17 -3.55015e-16      1.00003
Logarithmic trial strain
    -4.2e-06 -4.15569e-16  2.75439e-16
-4.15569e-16     -4.2e-06 -2.22101e-16
 1.03033e-16 -5.55694e-17      1.5e-05
Trial stress
      121154 -6.71303e-05  4.44939e-05
-6.71303e-05       121154 -3.58779e-05
 1.66438e-05 -8.97659e-06  3.22269e+06
Von Mises = 3.10154
      Internal variable update took 0.00114615s
      Incremental displacement norm 1.69705e-06
      Residual force norm 171338
      Equilibrium iteration required 0.00362649s
    Newton-Raphson iteration 7
      External forces assembly took 9e-08s
      Tangent stiffness assembly took 3.7383e-05s
      PaStiX LLT direct solver took 0.00263141s
Elastic left Cauchy-Green
    0.999992 -8.31131e-16  5.50883e-16
-8.31131e-16     0.999992 -4.44207e-16
 2.06069e-16  -1.1114e-16      1.00003
Logarithmic trial strain
-5.09999e-06 -4.30277e-16   3.3036e-16
-4.58032e-16 -5.09999e-06 -2.63352e-16
 1.57954e-16 -9.68204e-17      1.6e-05
Trial stress
     -121154 -6.95062e-05  5.33658e-05
-7.39898e-05      -121154 -4.25415e-05
 2.55157e-05 -1.56402e-05   3.2873e+06
Von Mises = 3.40846
      Internal variable update took 0.00102434s
      Incremental displacement norm 8.48527e-07
      Residual force norm 85668.7
      Equilibrium iteration required 0.00374277s
    Newton-Raphson iteration 8
      External forces assembly took 8.3e-08s
      Tangent stiffness assembly took 3.6363e-05s
      PaStiX LLT direct solver took 0.00230686s
Elastic left Cauchy-Green
     0.99999 -8.60545e-16  6.60727e-16
-9.16055e-16      0.99999  -5.2671e-16
 3.15912e-16 -1.93643e-16      1.00003
Logarithmic trial strain
-5.69999e-06 -6.94381e-16  2.80473e-16
-7.49894e-16 -5.69999e-06 -5.89417e-16
 1.08068e-16 -4.36763e-16      1.7e-05
Trial stress
     -242307 -0.000112169  4.53072e-05
-0.000121137      -242307 -9.52134e-05
 1.74571e-05  -7.0554e-05  3.42461e+06
Von Mises = 3.66692
      Internal variable update took 0.0014506s
      Incremental displacement norm 8.48527e-07
      Residual force norm 85668.7
      Equilibrium iteration required 0.00384384s
    Newton-Raphson iteration 9
      External forces assembly took 8.4e-08s
      Tangent stiffness assembly took 3.7179e-05s
      PaStiX LLT direct solver took 0.00225225s
Elastic left Cauchy-Green
    0.999989 -1.38875e-15  5.60953e-16
-1.49977e-15     0.999989 -1.17885e-15
 2.16138e-16 -8.73535e-16      1.00003
Logarithmic trial strain
-5.69999e-06 -9.70768e-16   1.8612e-16
-1.02628e-15 -5.69999e-06 -1.04799e-15
 1.37143e-17 -8.97075e-16      1.8e-05
Trial stress
     -121154 -0.000156816  3.00655e-05
-0.000165784      -121154 -0.000169291
 2.21538e-06 -0.000144912   3.7073e+06
Von Mises = 3.82846
      Internal variable update took 0.0015289s
      Incremental displacement norm 1.69705e-06
      Residual force norm 171337
      Equilibrium iteration required 0.00386903s

    Non-convergence detected - step time set to 0.15

    Performing equilibrium iterations for time 0.15
Elastic left Cauchy-Green
    0.999996 -1.12876e-15  2.91475e-16
-9.62226e-16     0.999996 -3.45806e-16
-2.96493e-17 -2.00089e-16      1.00001
Logarithmic trial strain
    -1.8e-06 -6.08206e-16  1.45737e-16
-4.97183e-16     -1.8e-06 -1.73297e-16
-1.48246e-17 -1.02174e-16      7.5e-06
Trial stress
      181731 -9.82486e-05  2.35421e-05
-8.03142e-05       181731 -2.79941e-05
-2.39474e-06  -1.6505e-05  1.68404e+06
Von Mises = 1.50231
      Internal variable update took 0.000122153s
    Newton-Raphson iteration 0
      External forces assembly took 5.6e-08s
      Tangent stiffness assembly took 3.6614e-05s
      PaStiX LLT direct solver took 0.00314772s
Elastic left Cauchy-Green
    0.999996 -1.21641e-15  2.91475e-16
-9.94362e-16     0.999996 -3.46596e-16
-2.96493e-17 -2.04349e-16      1.00002
Logarithmic trial strain
   -2.25e-06  -5.1882e-16   1.7564e-16
-3.80041e-16    -2.25e-06 -1.68392e-16
 1.50794e-17 -1.02473e-16        8e-06
Trial stress
     60576.9 -8.38093e-05  2.83727e-05
-6.13912e-05      60576.9 -2.72019e-05
  2.4359e-06 -1.65534e-05  1.71635e+06
Von Mises = 1.65577
      Internal variable update took 0.000114405s
      Incremental displacement norm 1.27279e-06
      Residual force norm 128503
      Equilibrium iteration required 0.00334703s
    Newton-Raphson iteration 1
      External forces assembly took 8.8e-08s
      Tangent stiffness assembly took 3.7108e-05s
      PaStiX LLT direct solver took 0.00308818s
Elastic left Cauchy-Green
    0.999996 -1.03763e-15  3.51283e-16
-7.60078e-16     0.999996 -3.36787e-16
 3.01589e-17 -2.04948e-16      1.00002
Logarithmic trial strain
   -2.85e-06 -5.18869e-16  1.88994e-16
 -3.8009e-16    -2.85e-06 -2.43493e-16
 2.84326e-17 -1.74104e-16  8.49999e-06
Trial stress
     -121154 -8.38172e-05  3.05297e-05
-6.13991e-05      -121154 -3.93335e-05
 4.59295e-06 -2.81246e-05  1.71231e+06
Von Mises = 1.83346
      Internal variable update took 0.00115146s
      Incremental displacement norm 4.24264e-07
      Residual force norm 42834.4
      Equilibrium iteration required 0.00432606s
    Newton-Raphson iteration 2
      External forces assembly took 7.8e-08s
      Tangent stiffness assembly took 3.7302e-05s
      PaStiX LLT direct solver took 0.00266936s
Elastic left Cauchy-Green
    0.999994 -1.03773e-15  3.77989e-16
-7.60176e-16     0.999994 -4.86989e-16
 5.68654e-17 -3.48211e-16      1.00002
Logarithmic trial strain
   -3.15e-06 -8.26855e-16  1.88215e-16
-6.60321e-16    -3.15e-06 -3.23293e-16
 2.76538e-17 -2.57373e-16  8.99999e-06
Trial stress
     -181731 -0.000133569   3.0404e-05
-0.000106667      -181731 -5.22242e-05
 4.46716e-06 -4.15757e-05  1.78096e+06
Von Mises = 1.96269
      Internal variable update took 0.00115013s
      Incremental displacement norm 8.48527e-07
      Residual force norm 85668.7
      Equilibrium iteration required 0.00390598s
    Newton-Raphson iteration 3
      External forces assembly took 7.9e-08s
      Tangent stiffness assembly took 3.7243e-05s
      PaStiX LLT direct solver took 0.00335938s
Elastic left Cauchy-Green
    0.999994  -1.6537e-15  3.76432e-16
-1.32063e-15     0.999994 -6.46589e-16
  5.5308e-17  -5.1475e-16      1.00002
Logarithmic trial strain
      -3e-06 -1.21784e-15  2.28314e-16
 -1.0513e-15       -3e-06 -3.53669e-16
 6.77531e-17 -2.91219e-16  9.49999e-06
Trial stress
    -60576.8 -0.000196727  3.68815e-05
-0.000169826     -60576.8 -5.71312e-05
 1.09447e-05 -4.70431e-05  1.95865e+06
Von Mises = 2.01923
      Internal variable update took 0.0010723s
      Incremental displacement norm 1.27279e-06
      Residual force norm 128503
      Equilibrium iteration required 0.00452019s
    Newton-Raphson iteration 4
      External forces assembly took 8.3e-08s
      Tangent stiffness assembly took 3.9689e-05s
      PaStiX LLT direct solver took 0.00297952s
Elastic left Cauchy-Green
    0.999994 -2.43566e-15  4.56631e-16
-2.10259e-15     0.999994 -7.07343e-16
 1.35507e-16 -5.82443e-16      1.00002
Logarithmic trial strain
    -2.7e-06  -1.4004e-15  2.66369e-16
-1.20611e-15     -2.7e-06 -3.45212e-16
 1.05808e-16 -2.89701e-16  9.99999e-06
Trial stress
      121154 -0.000226218  4.30289e-05
-0.000194832       121154  -5.5765e-05
 1.70921e-05 -4.67979e-05  2.17269e+06
Von Mises = 2.05154
      Internal variable update took 0.000104283s
      Incremental displacement norm 4.24264e-07
      Residual force norm 42834.4
      Equilibrium iteration required 0.00317369s
    Newton-Raphson iteration 5
      External forces assembly took 7.2e-08s
      Tangent stiffness assembly took 3.6235e-05s
      PaStiX LLT direct solver took 0.00225233s
Elastic left Cauchy-Green
    0.999995 -2.80078e-15  5.32743e-16
 -2.4122e-15     0.999995 -6.90429e-16
 2.11618e-16 -5.79407e-16      1.00002
Logarithmic trial strain
    -2.7e-06 -1.26591e-15  2.69356e-16
-1.07162e-15     -2.7e-06 -2.35899e-16
 1.08795e-16 -1.94266e-16     1.05e-05
Trial stress
      181731 -0.000204494  4.35113e-05
-0.000173108       181731 -3.81068e-05
 1.75745e-05 -3.13815e-05  2.31404e+06
Von Mises = 2.13231
      Internal variable update took 0.00234773s
      Incremental displacement norm 8.48528e-07
      Residual force norm 85668.8
      Equilibrium iteration required 0.00468746s
    Newton-Raphson iteration 6
      External forces assembly took 8.6e-08s
      Tangent stiffness assembly took 3.7292e-05s
      PaStiX LLT direct solver took 0.00245467s
Elastic left Cauchy-Green
    0.999995 -2.53181e-15  5.38716e-16
-2.14324e-15     0.999995 -4.71802e-16
 2.17591e-16 -3.88535e-16      1.00002
Logarithmic trial strain
   -3.15e-06 -9.10552e-16  2.47865e-16
-7.44018e-16    -3.15e-06 -1.02787e-16
 8.73042e-17  -4.0337e-17      1.1e-05
Trial stress
     60576.9 -0.000147089  4.00398e-05
-0.000120188      60576.9  -1.6604e-05
  1.4103e-05 -6.51597e-06  2.34634e+06
Von Mises = 2.28577
      Internal variable update took 0.0011875s
      Incremental displacement norm 1.27279e-06
      Residual force norm 128503
      Equilibrium iteration required 0.00373368s
    Newton-Raphson iteration 7
      External forces assembly took 9.5e-08s
      Tangent stiffness assembly took 3.7318e-05s
      PaStiX LLT direct solver took 0.00289963s
Elastic left Cauchy-Green
    0.999994 -1.82109e-15  4.95734e-16
-1.48803e-15     0.999994 -2.05575e-16
  1.7461e-16 -8.06746e-17      1.00002
Logarithmic trial strain
   -3.75e-06 -8.90222e-16  2.32258e-16
-7.23688e-16    -3.75e-06 -1.85102e-16
  7.1697e-17 -1.29591e-16     1.15e-05
Trial stress
     -121154 -0.000143805  3.75186e-05
-0.000116903      -121154  -2.9901e-05
 1.15818e-05 -2.09339e-05  2.34231e+06
Von Mises = 2.46346
      Internal variable update took 0.00120932s
      Incremental displacement norm 4.24264e-07
      Residual force norm 42834.4
      Equilibrium iteration required 0.00419718s
    Newton-Raphson iteration 8
      External forces assembly took 8.3e-08s
      Tangent stiffness assembly took 4.2217e-05s
      PaStiX LLT direct solver took 0.00254665s
Elastic left Cauchy-Green
    0.999993 -1.78043e-15   4.6452e-16
-1.44736e-15     0.999993 -3.70206e-16
 1.43395e-16 -2.59184e-16      1.00002
Logarithmic trial strain
   -4.05e-06   -1.287e-15  1.77869e-16
-1.12046e-15    -4.05e-06 -5.71604e-16
 1.73079e-17 -5.16961e-16      1.2e-05
Trial stress
     -181731   -0.0002079  2.87327e-05
-0.000180998      -181731 -9.23361e-05
 2.79589e-06 -8.35091e-05  2.41096e+06
Von Mises = 2.59269
      Internal variable update took 0.00115725s
      Incremental displacement norm 8.48527e-07
      Residual force norm 85668.7
      Equilibrium iteration required 0.00379724s
    Newton-Raphson iteration 9
      External forces assembly took 8.3e-08s
      Tangent stiffness assembly took 3.7526e-05s
      PaStiX LLT direct solver took 0.00253385s
Elastic left Cauchy-Green
    0.999992 -2.57397e-15  3.55741e-16
-2.24091e-15     0.999992 -1.14322e-15
 3.46161e-17 -1.03393e-15      1.00002
Logarithmic trial strain
    -3.9e-06 -1.87499e-15  1.79353e-16
 -1.6807e-15     -3.9e-06 -1.04265e-15
 1.87923e-17 -9.88011e-16     1.25e-05
Trial stress
    -60576.8 -0.000302883  2.89725e-05
-0.000271498     -60576.8 -0.000168429
 3.03567e-06 -0.000159602  2.58865e+06
Von Mises = 2.64923
      Internal variable update took 0.001124s
      Incremental displacement norm 1.27279e-06
      Residual force norm 128503
      Equilibrium iteration required 0.00374543s

    Non-convergence detected - step time set to 0.125

    Performing equilibrium iterations for time 0.125
Elastic left Cauchy-Green
    0.999996 -1.12876e-15  2.91475e-16
-9.62226e-16     0.999996 -3.45806e-16
-2.96493e-17 -2.00089e-16      1.00001
Logarithmic trial strain
    -1.8e-06 -5.63451e-16  1.45737e-16
-5.07939e-16     -1.8e-06 -1.70223e-16
-1.48246e-17 -1.02569e-16     7.25e-06
Trial stress
      151442  -9.1019e-05  2.35421e-05
-8.20517e-05       151442 -2.74975e-05
-2.39474e-06 -1.65688e-05  1.61336e+06
Von Mises = 1.46192
      Internal variable update took 8.3949e-05s
    Newton-Raphson iteration 0
      External forces assembly took 8.2e-08s
      Tangent stiffness assembly took 3.6312e-05s
      PaStiX LLT direct solver took 0.00265573s
Elastic left Cauchy-Green
    0.999996  -1.1269e-15  2.91475e-16
-1.01588e-15     0.999996 -3.40448e-16
-2.96493e-17 -2.05139e-16      1.00001
Logarithmic trial strain
  -2.175e-06 -3.98464e-16  1.69152e-16
-3.42953e-16   -2.175e-06  -1.9763e-16
  8.5909e-18 -1.33445e-16      7.5e-06
Trial stress
     30288.5 -6.43673e-05  2.73246e-05
   -5.54e-05      30288.5 -3.19248e-05
 1.38776e-06 -2.15566e-05  1.59317e+06
Von Mises = 1.56288
      Internal variable update took 0.00159024s
      Incremental displacement norm 1.06066e-06
      Residual force norm 107086
      Equilibrium iteration required 0.0043301s
    Newton-Raphson iteration 1
      External forces assembly took 8.2e-08s
      Tangent stiffness assembly took 3.8575e-05s
      PaStiX LLT direct solver took 0.00264106s
Elastic left Cauchy-Green
    0.999996 -7.96925e-16  3.38306e-16
-6.85902e-16     0.999996 -3.95262e-16
 1.71819e-17 -2.66892e-16      1.00002
Logarithmic trial strain
  -2.625e-06 -2.71772e-16  1.56051e-16
 -2.1626e-16   -2.625e-06 -3.07441e-16
-4.50974e-18 -2.39787e-16     7.75e-06
Trial stress
     -121154 -4.39016e-05  2.52083e-05
-3.49344e-05      -121154 -4.96636e-05
-7.28497e-07 -3.87349e-05  1.55481e+06
Von Mises = 1.67596
      Internal variable update took 0.000645865s
      Incremental displacement norm 2.12132e-07
      Residual force norm 21417.2
      Equilibrium iteration required 0.00337998s
    Newton-Raphson iteration 2
      External forces assembly took 8.1e-08s
      Tangent stiffness assembly took 3.7332e-05s
      PaStiX LLT direct solver took 0.00256501s
Elastic left Cauchy-Green
    0.999995 -5.43541e-16  3.12104e-16
-4.32519e-16     0.999995 -6.14885e-16
-9.01953e-18 -4.79577e-16      1.00002
Logarithmic trial strain
  -2.775e-06 -5.30541e-16  1.54275e-16
-4.19518e-16   -2.775e-06 -4.60943e-16
-6.28599e-18 -3.90687e-16        8e-06
Trial stress
     -151442 -8.57027e-05  2.49214e-05
-6.77683e-05      -151442   -7.446e-05
-1.01543e-06 -6.31109e-05  1.58913e+06
Von Mises = 1.74058
      Internal variable update took 0.00117032s
      Incremental displacement norm 8.48527e-07
      Residual force norm 85668.7
      Equilibrium iteration required 0.00382724s
    Newton-Raphson iteration 3
      External forces assembly took 7.9e-08s
      Tangent stiffness assembly took 3.6857e-05s
      PaStiX LLT direct solver took 0.00255966s
Elastic left Cauchy-Green
    0.999994 -1.06108e-15  3.08552e-16
-8.39031e-16     0.999994  -9.2189e-16
-1.25721e-17 -7.81377e-16      1.00002
Logarithmic trial strain
   -2.55e-06 -1.05608e-15  1.70804e-16
-9.45054e-16    -2.55e-06 -5.86179e-16
 1.02424e-17 -5.13321e-16     8.25e-06
Trial stress
    -30288.4 -0.000170597  2.75913e-05
-0.000152663     -30288.4 -9.46904e-05
 1.65455e-06 -8.29211e-05  1.71433e+06
Von Mises = 1.74461
      Internal variable update took 0.00112245s
      Incremental displacement norm 1.06066e-06
      Residual force norm 107086
      Equilibrium iteration required 0.00376857s
    Newton-Raphson iteration 4
      External forces assembly took 8.5e-08s
      Tangent stiffness assembly took 3.7189e-05s
      PaStiX LLT direct solver took 0.00321149s
Elastic left Cauchy-Green
    0.999995 -2.11214e-15  3.41609e-16
 -1.8901e-15     0.999995 -1.17236e-15
  2.0485e-17 -1.02665e-15      1.00002
Logarithmic trial strain
   -2.25e-06 -1.39391e-15  1.51216e-16
-1.31064e-15    -2.25e-06 -5.32212e-16
-9.34464e-18 -4.58053e-16  8.49999e-06
Trial stress
      121154  -0.00022517  2.44273e-05
 -0.00021172       121154 -8.59728e-05
-1.50952e-06 -7.39932e-05  1.85769e+06
Von Mises = 1.73654
      Internal variable update took 0.000123638s
      Incremental displacement norm 2.12132e-07
      Residual force norm 21417.2
      Equilibrium iteration required 0.00342151s
    Newton-Raphson iteration 5
      External forces assembly took 8.3e-08s
      Tangent stiffness assembly took 3.6942e-05s
      PaStiX LLT direct solver took 0.00301981s
Elastic left Cauchy-Green
    0.999996 -2.78781e-15  3.02435e-16
-2.62128e-15     0.999996 -1.06443e-15
-1.86894e-17 -9.16113e-16      1.00002
Logarithmic trial strain
   -2.25e-06  -1.4462e-15  1.65515e-16
-1.41844e-15    -2.25e-06 -4.90714e-16
 4.95395e-18 -4.16555e-16  8.74999e-06
Trial stress
      151442 -0.000233616   2.6737e-05
-0.000229132       151442 -7.92691e-05
 8.00253e-07 -6.72896e-05  1.92836e+06
Von Mises = 1.77692
      Internal variable update took 0.000788823s
      Incremental displacement norm 8.48528e-07
      Residual force norm 85668.8
      Equilibrium iteration required 0.00389415s
    Newton-Raphson iteration 6
      External forces assembly took 7.9e-08s
      Tangent stiffness assembly took 3.6679e-05s
      PaStiX LLT direct solver took 0.00288318s
Elastic left Cauchy-Green
    0.999996 -2.89238e-15  3.31032e-16
-2.83687e-15     0.999996 -9.81433e-16
 9.90796e-18 -8.33115e-16      1.00002
Logarithmic trial strain
  -2.625e-06 -1.17421e-15  1.55435e-16
-1.14646e-15   -2.625e-06 -6.01482e-16
-5.12587e-18 -5.28191e-16  8.99999e-06
Trial stress
     30288.5  -0.00018968  2.51088e-05
-0.000185197      30288.5 -9.71625e-05
-8.28025e-07 -8.53231e-05  1.90817e+06
Von Mises = 1.87788
      Internal variable update took 0.00118297s
      Incremental displacement norm 1.06066e-06
      Residual force norm 107086
      Equilibrium iteration required 0.00415428s
    Newton-Raphson iteration 7
      External forces assembly took 8.7e-08s
      Tangent stiffness assembly took 3.8146e-05s
      PaStiX LLT direct solver took 0.00252651s
Elastic left Cauchy-Green
    0.999995 -2.34841e-15  3.10872e-16
 -2.2929e-15     0.999995 -1.20297e-15
-1.02518e-17 -1.05639e-15      1.00002
Logarithmic trial strain
  -3.075e-06 -9.98974e-16  1.39471e-16
-9.98974e-16   -3.075e-06 -9.16715e-16
-2.10902e-17 -8.40387e-16  9.24999e-06
Trial stress
     -121154 -0.000161373  2.25299e-05
-0.000161373      -121154 -0.000148085
-3.40689e-06 -0.000135755  1.86981e+06
Von Mises = 1.99096
      Internal variable update took 0.00112786s
      Incremental displacement norm 2.12132e-07
      Residual force norm 21417.2
      Equilibrium iteration required 0.00376471s
    Newton-Raphson iteration 8
      External forces assembly took 9.2e-08s
      Tangent stiffness assembly took 3.6984e-05s
      PaStiX LLT direct solver took 0.00263237s
Elastic left Cauchy-Green
    0.999994 -1.99794e-15  2.78943e-16
-1.99793e-15     0.999994 -1.83344e-15
-4.21807e-17 -1.68079e-15      1.00002
Logarithmic trial strain
  -3.225e-06 -1.06746e-15  1.29486e-16
-1.09521e-15   -3.225e-06 -1.12507e-15
-3.10747e-17 -1.04874e-15  9.49999e-06
Trial stress
     -151442 -0.000172436   2.0917e-05
-0.000176919      -151442 -0.000181742
-5.01975e-06 -0.000169412  1.90413e+06
Von Mises = 2.05558
      Internal variable update took 0.00199462s
      Incremental displacement norm 8.48527e-07
      Residual force norm 85668.7
      Equilibrium iteration required 0.00471316s
    Newton-Raphson iteration 9
      External forces assembly took 8.8e-08s
      Tangent stiffness assembly took 3.9775e-05s
      PaStiX LLT direct solver took 0.00219198s
Elastic left Cauchy-Green
    0.999994  -2.1349e-15  2.58974e-16
-2.19041e-15     0.999994 -2.25015e-15
-6.21497e-17  -2.0975e-15      1.00002
Logarithmic trial strain
      -3e-06 -1.26681e-15   1.2974e-16
-1.26681e-15       -3e-06 -1.09675e-15
-3.08214e-17 -1.02737e-15  9.74999e-06
Trial stress
    -30288.4 -0.000204639  2.09579e-05
-0.000204639     -30288.4 -0.000177168
-4.97885e-06 -0.000165959  2.02933e+06
Von Mises = 2.05961
      Internal variable update took 0.000104034s
      Incremental displacement norm 1.06066e-06
      Residual force norm 107086
      Equilibrium iteration required 0.00238542s

    Non-convergence detected - step time set to 0.1125

    Performing equilibrium iterations for time 0.1125
Elastic left Cauchy-Green
    0.999996 -1.12876e-15  2.91475e-16
-9.62226e-16     0.999996 -3.45806e-16
-2.96493e-17 -2.00089e-16      1.00001
Logarithmic trial strain
    -1.8e-06 -5.86699e-16  1.45737e-16
-5.31187e-16     -1.8e-06 -1.67608e-16
-1.48246e-17 -9.12811e-17    7.125e-06
Trial stress
      136298 -9.47744e-05  2.35421e-05
-8.58072e-05       136298 -2.70752e-05
-2.39474e-06 -1.47454e-05  1.57803e+06
Von Mises = 1.44173
      Internal variable update took 8.0895e-05s
    Newton-Raphson iteration 0
      External forces assembly took 7.6e-08s
      Tangent stiffness assembly took 3.5897e-05s
      PaStiX LLT direct solver took 0.00256702s
Elastic left Cauchy-Green
    0.999996 -1.17339e-15  2.91475e-16
-1.06237e-15     0.999996 -3.35219e-16
-2.96493e-17 -1.82563e-16      1.00001
Logarithmic trial strain
 -2.1375e-06 -3.95448e-16  1.48099e-16
-3.39937e-16  -2.1375e-06 -8.36664e-17
-1.24624e-17 -4.00083e-19     7.25e-06
Trial stress
     15144.2 -6.38801e-05  2.39236e-05
-5.49129e-05      15144.2 -1.35153e-05
-2.01316e-06 -6.46287e-08  1.53159e+06
Von Mises = 1.51644
      Internal variable update took 0.00164065s
      Incremental displacement norm 9.54593e-07
      Residual force norm 96377.3
      Equilibrium iteration required 0.00471879s
    Newton-Raphson iteration 1
      External forces assembly took 8.3e-08s
      Tangent stiffness assembly took 3.7292e-05s
      PaStiX LLT direct solver took 0.00260017s
Elastic left Cauchy-Green
    0.999996 -7.90893e-16  2.96199e-16
-6.79871e-16     0.999996 -1.67334e-16
-2.49249e-17  -8.0017e-19      1.00001
Logarithmic trial strain
 -2.5125e-06 -3.52224e-16  1.45402e-16
-2.68957e-16  -2.5125e-06 -1.08458e-16
-1.51589e-17 -2.86614e-17    7.375e-06
Trial stress
     -121154 -5.68977e-05   2.3488e-05
-4.34469e-05      -121154 -1.75202e-05
-2.44875e-06 -4.62992e-06  1.47606e+06
Von Mises = 1.59721
      Internal variable update took 0.00129852s
      Incremental displacement norm 1.06066e-07
      Residual force norm 10708.6
      Equilibrium iteration required 0.0039877s
    Newton-Raphson iteration 2
      External forces assembly took 8e-08s
      Tangent stiffness assembly took 0.000101388s
      PaStiX LLT direct solver took 0.00238811s
Elastic left Cauchy-Green
    0.999995 -7.04445e-16  2.90806e-16
-5.37911e-16     0.999995 -2.16918e-16
 -3.0318e-17 -5.73231e-17      1.00001
Logarithmic trial strain
 -2.5875e-06 -5.55742e-16  8.75166e-17
-5.00231e-16  -2.5875e-06 -3.35838e-16
-7.30445e-17 -2.38694e-16      7.5e-06
Trial stress
     -136298 -8.97738e-05  1.41373e-05
-8.08065e-05      -136298 -5.42507e-05
-1.17995e-05 -3.85582e-05  1.49322e+06
Von Mises = 1.62952
      Internal variable update took 0.00112257s
      Incremental displacement norm 8.48527e-07
      Residual force norm 85668.7
      Equilibrium iteration required 0.00366482s
    Newton-Raphson iteration 3
      External forces assembly took 8.2e-08s
      Tangent stiffness assembly took 3.7144e-05s
      PaStiX LLT direct solver took 0.00272604s
Elastic left Cauchy-Green
    0.999995 -1.11148e-15  1.75034e-16
-1.00046e-15     0.999995 -6.71679e-16
 -1.4609e-16  -4.7739e-16      1.00002
Logarithmic trial strain
  -2.325e-06 -9.71529e-16  4.65233e-17
-9.16018e-16   -2.325e-06 -7.50957e-16
-1.14038e-16 -6.53813e-16    7.625e-06
Trial stress
    -15144.2 -0.000156939   7.5153e-06
-0.000147972     -15144.2 -0.000121308
-1.84215e-05 -0.000105616  1.59216e+06
Von Mises = 1.60731
      Internal variable update took 0.00107957s
      Incremental displacement norm 9.54594e-07
      Residual force norm 96377.3
      Equilibrium iteration required 0.00389175s
    Newton-Raphson iteration 4
      External forces assembly took 8.5e-08s
      Tangent stiffness assembly took 3.7725e-05s
      PaStiX LLT direct solver took 0.00237613s
Elastic left Cauchy-Green
    0.999995 -1.94305e-15  9.30471e-17
-1.83203e-15     0.999995 -1.50192e-15
-2.28077e-16 -1.30763e-15      1.00002
Logarithmic trial strain
  -2.025e-06 -1.30571e-15  7.81155e-17
-1.19469e-15   -2.025e-06 -1.07589e-15
-8.24456e-17 -9.92625e-16     7.75e-06
Trial stress
      121154 -0.000210922  1.26187e-05
-0.000192988       121154 -0.000173798
-1.33181e-05 -0.000160347  1.70019e+06
Von Mises = 1.57904
      Internal variable update took 0.00162461s
      Incremental displacement norm 1.06066e-07
      Residual force norm 10708.6
      Equilibrium iteration required 0.00408938s
    Newton-Raphson iteration 5
      External forces assembly took 8.2e-08s
      Tangent stiffness assembly took 3.6941e-05s
      PaStiX LLT direct solver took 0.00339855s
Elastic left Cauchy-Green
    0.999996 -2.61141e-15  1.56232e-16
-2.38936e-15     0.999996 -2.15179e-15
-1.64892e-16 -1.98526e-15      1.00002
Logarithmic trial strain
  -2.025e-06 -1.21595e-15  1.43666e-16
-1.10493e-15   -2.025e-06 -1.03405e-15
-1.68956e-17 -9.47311e-16    7.875e-06
Trial stress
      136298 -0.000196423  2.32075e-05
-0.000178488       136298 -0.000167038
-2.72929e-06 -0.000153027  1.73553e+06
Von Mises = 1.59923
      Internal variable update took 0.000129103s
      Incremental displacement norm 8.48528e-07
      Residual force norm 85668.8
      Equilibrium iteration required 0.00361493s
    Newton-Raphson iteration 6
      External forces assembly took 8.3e-08s
      Tangent stiffness assembly took 3.6677e-05s
      PaStiX LLT direct solver took 0.00300428s
Elastic left Cauchy-Green
    0.999996 -2.43189e-15  2.87333e-16
-2.20985e-15     0.999996 -2.06811e-15
-3.37914e-17 -1.89463e-15      1.00002
Logarithmic trial strain
 -2.3625e-06 -8.31593e-16  2.11455e-16
 -7.2057e-16  -2.3625e-06 -7.05179e-16
 5.08943e-17 -6.21912e-16        8e-06
Trial stress
     15144.2 -0.000134334  3.41582e-05
  -0.0001164      15144.2 -0.000113913
 8.22138e-06 -0.000100463  1.68909e+06
Von Mises = 1.67394
      Internal variable update took 0.000642014s
      Incremental displacement norm 9.54593e-07
      Residual force norm 96377.3
      Equilibrium iteration required 0.00373174s
    Newton-Raphson iteration 7
      External forces assembly took 7.8e-08s
      Tangent stiffness assembly took 3.7966e-05s
      PaStiX LLT direct solver took 0.00244515s
Elastic left Cauchy-Green
    0.999995 -1.66318e-15  4.22913e-16
-1.44113e-15     0.999995 -1.41037e-15
 1.01789e-16 -1.24383e-15      1.00002
Logarithmic trial strain
 -2.7375e-06 -6.88968e-16  2.01071e-16
-5.50189e-16  -2.7375e-06   -6.241e-16
 4.05102e-17 -5.47773e-16    8.125e-06
Trial stress
     -121154 -0.000111295  3.24808e-05
-8.88767e-05      -121154 -0.000100816
 6.54396e-06 -8.84864e-05  1.63356e+06
Von Mises = 1.75471
      Internal variable update took 0.00110191s
      Incremental displacement norm 1.06066e-07
      Residual force norm 10708.6
      Equilibrium iteration required 0.00363514s
    Newton-Raphson iteration 8
      External forces assembly took 8.2e-08s
      Tangent stiffness assembly took 3.662e-05s
      PaStiX LLT direct solver took 0.00250029s
Elastic left Cauchy-Green
    0.999995 -1.37793e-15  4.02145e-16
-1.10037e-15     0.999995 -1.24821e-15
 8.10209e-17 -1.09555e-15      1.00002
Logarithmic trial strain
 -2.8125e-06  -1.0726e-15  1.36009e-16
-9.89337e-16  -2.8125e-06 -9.55764e-16
-2.45518e-17 -8.81171e-16     8.25e-06
Trial stress
     -136298 -0.000173267  2.19707e-05
-0.000159816      -136298 -0.000154393
-3.96606e-06 -0.000142343  1.65072e+06
Von Mises = 1.78702
      Internal variable update took 0.001111s
      Incremental displacement norm 8.48527e-07
      Residual force norm 85668.7
      Equilibrium iteration required 0.00369703s
    Newton-Raphson iteration 9
      External forces assembly took 8.4e-08s
      Tangent stiffness assembly took 3.664e-05s
      PaStiX LLT direct solver took 0.00341226s
Elastic left Cauchy-Green
    0.999994  -2.1452e-15   2.7202e-16
-1.97866e-15     0.999994 -1.91154e-15
-4.91039e-17 -1.76235e-15      1.00002
Logarithmic trial strain
   -2.55e-06  -1.6818e-15  1.25927e-16
 -1.6818e-15    -2.55e-06 -1.35582e-15
-3.46337e-17 -1.28122e-15    8.375e-06
Trial stress
    -15144.2 -0.000271676  2.03421e-05
-0.000271676     -15144.2 -0.000219017
-5.59467e-06 -0.000206967  1.74966e+06
Von Mises = 1.76481
      Internal variable update took 0.000135069s
      Incremental displacement norm 9.54594e-07
      Residual force norm 96377.3
      Equilibrium iteration required 0.00363448s

    Non-convergence detected - step time set to 0.10625

    Performing equilibrium iterations for time 0.10625
Elastic left Cauchy-Green
    0.999996 -1.12876e-15  2.91475e-16
-9.62226e-16     0.999996 -3.45806e-16
-2.96493e-17 -2.00089e-16      1.00001
Logarithmic trial strain
    -1.8e-06 -5.13648e-16  1.45737e-16
-4.85893e-16     -1.8e-06 -1.72853e-16
-1.48246e-17 -1.05199e-16   7.0625e-06
Trial stress
